bottle 151 25 181 124
bottle 185 2 225 128
bottle 227 2 266 127
bottle 268 1 309 128
bottle 312 2 352 126
bottle 353 1 394 127
bottle 396 2 436 128
bottle 438 1 472 126
bottle 473 1 500 125
bottle 4 180 72 372
bottle 62 181 129 368
bottle 93 160 132 266
bottle 123 170 184 361
bottle 156 160 192 223
bottle 183 174 241 367
bottle 281 167 316 237
bottle 340 167 374 241
bottle 337 149 379 225
bottle 236 178 295 365
bottle 295 177 350 365
bottle 352 180 412 364
bottle 411 163 471 365
bottle 468 181 500 365
