bottle 0.1296 256 130 272 155
bottle 0.0197 312 142 327 164
bottle 0.0104 264 125 281 142
chair 0.9851 16 214 148 330
chair 0.2015 406 206 499 327
diningtable 0.9915 157 152 390 328
person 0.9990 348 122 462 319
person 0.9960 93 110 186 237
person 0.9946 256 80 310 134
person 0.9889 128 37 181 126
person 0.9858 25 106 168 328
person 0.9855 181 90 257 178
person 0.9756 324 104 362 166
person 0.9204 446 89 493 144
person 0.5214 326 98 425 205
person 0.1726 372 80 426 122
person 0.0618 487 84 499 145
person 0.0391 343 80 371 113
