car 0.9996 78 107 404 352
car 0.9996 262 106 500 239
car 0.9973 122 76 177 106
car 0.9953 39 71 122 122
car 0.9692 -1 72 21 118
car 0.8379 187 74 250 105
car 0.7505 240 72 293 107
car 0.0376 493 69 499 100
car 0.0186 478 101 501 149
person 0.9943 101 57 121 113
person 0.9919 438 64 454 97
person 0.9845 451 61 477 104
person 0.9798 282 54 299 103
person 0.7495 45 61 75 130
person 0.5020 169 60 184 99
person 0.2522 73 58 87 75
person 0.0555 456 82 494 104
person 0.0461 159 57 170 91
person 0.0231 195 63 211 78
person 0.0184 180 60 193 94
