car 0.0881 490 195 499 263
car 0.0836 205 188 282 241
car 0.0285 494 209 499 250
motorbike 0.9975 53 114 193 316
motorbike 0.9897 401 179 448 248
motorbike 0.7120 444 173 493 254
motorbike 0.0556 208 201 278 239
motorbike 0.0342 157 186 240 238
person 0.9999 73 17 176 296
person 0.9998 452 128 488 250
person 0.9995 17 141 56 237
person 0.9988 231 135 270 243
person 0.9956 329 177 413 260
person 0.9814 309 158 338 238
person 0.9402 1 167 25 264
person 0.8274 167 169 194 208
person 0.8085 405 157 444 240
person 0.6482 383 161 406 223
person 0.5285 492 129 499 254
