bicycle 0.9966 170 171 229 268
bicycle 0.9924 434 158 482 258
bicycle 0.9914 282 153 324 232
bicycle 0.9783 87 127 109 172
bicycle 0.9455 233 162 280 242
bicycle 0.9199 305 143 343 216
car 0.5929 391 83 439 183
person 0.9995 163 87 230 237
person 0.9993 229 102 279 218
person 0.9991 431 92 483 233
person 0.9986 267 102 314 213
person 0.9986 345 80 378 199
person 0.9982 5 83 43 226
person 0.9951 131 83 151 161
person 0.9869 374 76 399 190
person 0.9855 104 89 132 154
person 0.9843 302 90 337 194
person 0.9794 85 92 110 153
person 0.9584 325 80 355 194
person 0.9550 37 89 81 237
person 0.8413 152 83 170 165
person 0.7337 460 77 492 161
person 0.6038 204 77 229 134
person 0.5439 270 79 300 124
person 0.5308 323 82 337 105
person 0.5267 94 54 113 91
person 0.3320 412 91 447 182
person 0.1765 231 77 254 117
person 0.0685 320 82 341 144
person 0.0509 -1 94 9 172
person 0.0162 488 89 498 178
person 0.0128 299 84 327 126
person 0.0124 228 89 242 119
person 0.0114 161 86 213 138
