motorbike 0.9878 6 206 109 303
person 0.9987 3 196 30 325
person 0.6817 1 176 30 231
pottedplant 0.9992 348 166 411 266
pottedplant 0.9989 471 144 494 172
pottedplant 0.9942 417 125 447 174
pottedplant 0.9732 446 143 471 174
pottedplant 0.9711 385 129 418 172
pottedplant 0.8643 169 106 227 186
pottedplant 0.8385 430 233 497 271
pottedplant 0.3377 291 155 338 187
pottedplant 0.2644 261 155 289 196
pottedplant 0.1526 388 191 441 266
pottedplant 0.0609 477 204 499 242
pottedplant 0.0375 282 174 296 194
pottedplant 0.0296 493 230 501 269
pottedplant 0.0155 254 85 292 189
pottedplant 0.0104 325 145 349 183
