bottle 0.9997 174 251 220 375
bottle 0.9993 145 104 181 212
bottle 0.9993 160 322 202 421
bottle 0.9992 269 145 308 256
bottle 0.9989 65 278 129 386
bottle 0.9987 98 203 134 277
bottle 0.9987 131 255 177 374
bottle 0.9969 229 141 268 266
bottle 0.9962 292 127 319 236
bottle 0.9954 184 168 231 312
bottle 0.9940 219 84 250 154
bottle 0.9849 176 118 209 183
bottle 0.9271 255 107 279 262
bottle 0.9154 209 142 237 198
bottle 0.8950 144 202 183 287
bottle 0.7917 114 146 150 227
bottle 0.7793 131 229 162 314
bottle 0.1003 212 164 247 264
bottle 0.0857 278 113 300 166
bottle 0.0271 249 98 269 156
