bicycle 0.9936 124 155 352 314
bicycle 0.9910 365 31 496 213
bicycle 0.9291 83 8 154 141
bicycle 0.9014 104 1 231 178
bicycle 0.8306 456 4 501 113
bicycle 0.7014 296 8 386 156
bicycle 0.0152 3 173 28 293
bicycle 0.0122 328 191 495 311
car 0.0408 283 0 339 12
chair 0.0647 3 162 28 271
person 0.9992 26 112 117 321
person 0.9972 357 0 478 199
person 0.9935 167 83 316 265
person 0.9547 118 -2 207 155
person 0.9527 234 1 290 95
person 0.9399 192 264 241 311
person 0.9330 8 265 89 323
person 0.8741 -1 4 97 192
person 0.7795 359 2 405 153
person 0.4872 453 9 503 87
person 0.0394 43 82 116 197
person 0.0371 455 -3 498 37
person 0.0194 413 0 481 17
person 0.0118 178 0 229 82
