bottle 0.9929 155 76 168 118
bottle 0.8548 325 75 340 113
bottle 0.6178 117 82 134 115
chair 0.9930 347 123 417 221
chair 0.9912 59 117 137 222
chair 0.9905 433 108 501 233
chair 0.9332 0 128 60 217
diningtable 0.0474 310 113 479 237
diningtable 0.0143 12 98 184 206
person 0.9989 249 98 424 375
person 0.9989 38 2 97 112
person 0.9985 209 252 314 376
person 0.9980 281 -1 365 102
person 0.9815 98 79 308 360
person 0.9780 427 251 501 374
person 0.9776 171 48 223 116
person 0.9765 368 1 434 107
person 0.9249 81 270 176 377
person 0.7842 1 31 28 125
person 0.2303 0 258 90 374
