chair 0.6707 108 152 220 344
chair 0.4088 231 162 280 236
chair 0.1615 477 179 498 334
chair 0.0277 176 154 265 232
person 0.9999 101 117 224 317
person 0.9997 396 158 485 333
person 0.9993 5 112 164 368
person 0.9989 335 154 414 333
person 0.9983 292 149 365 268
person 0.1106 31 127 48 153
pottedplant 0.7730 252 247 306 311
pottedplant 0.1626 230 104 283 172
pottedplant 0.0117 261 160 282 206
sofa 0.8667 0 124 147 372
sofa 0.5195 403 194 491 336
sofa 0.2576 305 163 437 284
sofa 0.0699 101 158 236 342
