horse 0.9998 314 27 406 224
horse 0.8881 5 149 281 359
person 0.9999 40 291 104 374
person 0.9999 382 81 448 234
person 0.9998 -1 300 44 370
person 0.9996 108 299 154 371
person 0.9974 0 127 44 268
person 0.9973 50 106 121 281
person 0.9955 442 107 499 253
person 0.9679 207 185 290 310
person 0.9225 186 115 243 287
person 0.8900 163 276 227 372
person 0.8075 114 225 172 331
person 0.5901 158 339 200 376
person 0.2467 101 139 157 182
person 0.2254 103 131 171 278
person 0.1670 190 110 240 176
person 0.1608 62 102 131 173
