bus 0.0497 270 170 397 227
car 0.9995 228 220 362 320
car 0.9833 -1 176 57 256
car 0.0190 153 246 196 313
motorbike 0.9990 150 239 189 306
motorbike 0.9925 90 234 129 299
motorbike 0.9886 23 232 61 298
motorbike 0.1341 175 244 205 293
motorbike 0.0104 50 226 84 305
person 0.9991 202 205 235 319
person 0.9986 372 205 403 289
person 0.9922 88 217 125 297
person 0.9902 60 212 83 301
person 0.9238 26 227 55 299
person 0.7175 150 221 180 300
person 0.4650 172 220 197 284
person 0.4450 76 221 104 299
person 0.1504 232 220 255 257
person 0.0134 435 212 454 290
