bottle 0.9998 432 1 469 131
bottle 0.9996 411 168 468 368
bottle 0.9993 179 170 236 365
bottle 0.9990 467 8 499 125
bottle 0.9990 61 171 124 366
bottle 0.9989 392 -2 434 137
bottle 0.9988 150 19 181 128
bottle 0.9987 237 193 293 362
bottle 0.9986 225 -1 264 129
bottle 0.9985 121 150 180 367
bottle 0.9976 289 191 347 366
bottle 0.9973 356 188 415 371
bottle 0.9966 -1 132 70 382
bottle 0.9950 338 165 368 330
bottle 0.9898 266 4 313 131
bottle 0.9896 308 3 352 130
bottle 0.9829 466 183 501 367
bottle 0.9777 349 0 393 136
bottle 0.9771 396 146 426 236
bottle 0.9722 185 0 225 130
bottle 0.8723 280 171 309 263
bottle 0.5452 94 153 128 277
bottle 0.2744 274 163 296 227
bottle 0.0762 460 147 494 245
bottle 0.0256 435 153 463 235
bottle 0.0236 -1 234 12 355
bottle 0.0190 342 150 376 216
bottle 0.0188 4 3 58 131
bottle 0.0187 491 142 500 240
