car 0.2608 160 36 199 71
car 0.1965 489 53 499 77
car 0.0882 107 44 134 60
car 0.0514 10 37 56 76
car 0.0334 228 40 325 87
car 0.0318 179 46 214 82
car 0.0252 435 55 453 79
car 0.0122 444 57 466 79
car 0.0116 461 60 478 81
motorbike 0.9976 303 93 393 185
motorbike 0.9975 173 104 291 218
motorbike 0.9695 0 106 104 254
motorbike 0.8781 368 102 418 176
motorbike 0.0122 457 53 480 82
person 0.9989 197 63 279 203
person 0.9943 302 76 396 168
person 0.9939 369 69 413 155
person 0.9937 303 47 321 85
person 0.9490 0 64 48 211
person 0.8338 195 46 209 85
person 0.0729 415 56 438 78
person 0.0356 427 56 451 79
person 0.0295 233 61 278 135
person 0.0145 18 37 50 75
